7.63937 1
2.5438 2
0.917007 3
0.444639 4
0.326152 5
0.28283 6
0.253041 7
0.227494 8
0.204696 9
0.184214 10
0.165789 11
0.149209 12
0.134287 13
0.120859 14
0.108773 15
0.0978954 16
0.0881059 17
0.0792953 18
0.0713658 19
0.0642292 20
0.0578063 21
0.0520256 22
0.0468231 23
0.0421408 24
0.0379267 25
0.034134 26
0.0307206 27
0.0276486 28
0.0248837 29
0.0223953 30
0.0201558 31
0.0181402 32
0.0163262 33
0.0146936 34
0.0132242 35
0.0119018 36
0.0107116 37
0.00964045 38
0.00867641 39
0.00780877 40
0.00702789 41
0.0063251 42
0.00569259 43
0.00512333 44
0.004611 45
0.0041499 46
0.00373491 47
0.00336142 48
0.00302528 49
0.00272275 50
0.00245047 51
0.00220543 52
0.00198488 53
0.0017864 54
0.00160776 55
0.00144698 56
0.00130228 57
0.00117205 58
0.00105485 59
0.000949364 60
0.000854428 61
0.000768985 62
0.000692086 63
0.000622878 64
0.00056059 65
0.000504531 66
0.000454078 67
0.00040867 68
0.000367803 69
0.000331023 70
0.00029792 71
0.000268128 72
0.000241316 73
0.000217184 74
0.000195466 75
0.000175919 76
0.000158327 77
0.000142494 78
0.000128245 79
0.00011542 80
0.000103878 81
9.34906e-05 82
8.41415e-05 83
7.57274e-05 84
6.81546e-05 85
6.13392e-05 86
5.52053e-05 87
4.96847e-05 88
4.47163e-05 89
4.02446e-05 90
3.62202e-05 91
3.25982e-05 92
2.93383e-05 93
2.64045e-05 94
2.37641e-05 95
2.13876e-05 96
1.92489e-05 97
1.7324e-05 98
1.55916e-05 99
1.40324e-05 100
1.26292e-05 101
1.13663e-05 102
1.02296e-05 103
9.20668e-06 104
8.28601e-06 105
7.45741e-06 106
6.71167e-06 107
6.0405e-06 108
5.43645e-06 109
4.89281e-06 110
4.40353e-06 111
3.96317e-06 112
3.56686e-06 113
3.21017e-06 114
2.88915e-06 115
2.60024e-06 116
2.34022e-06 117
2.10619e-06 118
1.89557e-06 119
1.70602e-06 120
1.53542e-06 121
1.38187e-06 122
1.24369e-06 123
1.11932e-06 124
1.00739e-06 125
9.06647e-07 126
8.15983e-07 127
7.34384e-07 128
6.60946e-07 129
5.94851e-07 130
5.35366e-07 131
4.8183e-07 132
4.33647e-07 133
3.90282e-07 134
3.51254e-07 135
3.16128e-07 136
2.84516e-07 137
2.56064e-07 138
2.30458e-07 139
2.07412e-07 140
1.86671e-07 141
1.68004e-07 142
1.51203e-07 143
1.36083e-07 144
1.22475e-07 145
1.10227e-07 146
9.92044e-08 147
8.9284e-08 148
8.03556e-08 149
7.232e-08 150
6.5088e-08 151
5.85792e-08 152
5.27213e-08 153
4.74492e-08 154
4.27043e-08 155
3.84338e-08 156
3.45904e-08 157
3.11314e-08 158
2.80183e-08 159
2.52164e-08 160
2.26948e-08 161
2.04253e-08 162
1.83828e-08 163
1.65445e-08 164
1.48901e-08 165
1.3401e-08 166
1.20609e-08 167
1.08548e-08 168
9.76936e-09 169
8.79243e-09 170
7.91318e-09 171
7.12187e-09 172
6.40968e-09 173
5.76871e-09 174
5.19184e-09 175
4.67266e-09 176
4.20539e-09 177
3.78485e-09 178
3.40637e-09 179
3.06573e-09 180
2.75916e-09 181
2.48324e-09 182
2.23492e-09 183
2.01143e-09 184
1.81028e-09 185
1.62925e-09 186
1.46633e-09 187
1.3197e-09 188
1.18773e-09 189
1.06895e-09 190
9.62058e-10 191
8.65853e-10 192
7.79267e-10 193
7.01341e-10 194
6.31206e-10 195
5.68086e-10 196
5.11277e-10 197
4.60149e-10 198
4.14135e-10 199
3.72721e-10 200
3.35449e-10 201
3.01904e-10 202
2.71714e-10 203
2.44542e-10 204
2.20088e-10 205
1.98079e-10 206
1.78271e-10 207
1.60444e-10 208
1.444e-10 209
1.2996e-10 210
1.16964e-10 211
1.05267e-10 212
9.47407e-11 213
8.52667e-11 214
7.67399e-11 215
6.90661e-11 216
6.21594e-11 217
5.59435e-11 218
5.03493e-11 219
4.53142e-11 220
4.07829e-11 221
3.67046e-11 222
3.3034e-11 223
2.97307e-11 224
2.67577e-11 225
2.40818e-11 226
2.16738e-11 227
1.95064e-11 228
1.75557e-11 229
1.58e-11 230
1.42202e-11 231
1.27982e-11 232
1.15183e-11 233
1.03664e-11 234
9.32987e-12 235
8.39684e-12 236
7.55707e-12 237
6.80145e-12 238
6.12133e-12 239
5.50915e-12 240
4.95826e-12 241
4.46243e-12 242
4.01612e-12 243
3.61467e-12 244
3.25318e-12 245
2.92788e-12 246
2.63501e-12 247
2.37166e-12 248
2.13452e-12 249
1.92091e-12 250
1.72884e-12 251
1.55609e-12 252
1.40044e-12 253
1.26033e-12 254
1.13443e-12 255
1.02097e-12 256
9.18827e-13 257
