0.001 27098
0.002 13497
0.003 8989
0.004 6738
0.005 5387
0.006 4487
0.007 3844
0.008 3362
0.009 2987
0.01 2687
0.011 2442
0.012 2237
0.013 2064
0.014 1916
0.015 1788
0.016 1675
0.017 1576
0.018 1488
0.019 1409
0.02 1338
0.021 1273
0.022 1215
0.023 1162
0.024 1113
0.025 1068
0.026 1026
0.027 988
0.028 952
0.029 919
0.03 888
0.031 859
0.032 831
0.033 806
0.034 782
0.035 759
0.036 738
0.037 717
0.038 698
0.039 680
0.04 663
0.041 646
0.042 631
0.043 616
0.044 601
0.045 588
0.046 575
0.047 562
0.048 550
0.049 539
0.05 528
0.051 517
0.052 507
0.053 497
0.054 488
0.055 479
0.056 470
0.057 461
0.058 453
0.059 445
0.06 438
0.061 430
0.062 423
0.063 416
0.064 410
0.065 403
0.066 397
0.067 391
0.068 385
0.069 379
0.07 373
0.071 368
0.072 363
0.073 358
0.074 353
0.075 348
0.076 343
0.077 338
0.078 334
0.079 330
0.08 325
0.081 321
0.082 317
0.083 313
0.084 309
0.085 305
0.086 302
0.087 298
0.088 295
0.089 291
0.09 288
0.091 284
0.092 281
0.093 278
0.094 275
0.095 272
0.096 269
0.097 266
0.098 263
0.099 260
0.1 258
0.101 255
0.102 252
0.103 250
0.104 247
0.105 245
0.106 242
0.107 240
0.108 238
0.109 235
0.11 233
0.111 231
0.112 229
0.113 227
0.114 225
0.115 222
0.116 220
0.117 218
0.118 216
0.119 215
0.12 213
0.121 211
0.122 209
0.123 207
0.124 205
0.125 204
0.126 202
0.127 200
0.128 199
0.129 197
0.13 195
0.131 194
0.132 192
0.133 191
0.134 189
0.135 188
0.136 186
0.137 185
0.138 183
0.139 182
0.14 180
0.141 179
0.142 178
0.143 176
0.144 175
0.145 174
0.146 173
0.147 171
0.148 170
0.149 169
