12.3476 0
6841.15 1
55750.9 2
1.19433e+06 3
1.18741e+07 4
4.27787e+08 5
5.31049e+09 6
4.06431e+11 7
6.02931e+12 8
2.04979e+15 9
3.53899e+16 10
7.0934e+18 11
1.41275e+20 12
1.22374e+22 13
2.78521e+23 14
1.66273e+25 15
4.25013e+26 16
2.06089e+28 17
5.7806e+29 18
2.47659e+31 19
7.44364e+32 20
2.95703e+34 21
9.33104e+35 22
3.53765e+37 23
1.15386e+39 24
4.24871e+40 25
1.41663e+42 26
5.12086e+43 27
1.73245e+45 28
6.18879e+46 29
2.11399e+48 30
7.49376e+49 31
2.57624e+51 32
9.08581e+52 33
3.13718e+54 34
1.10259e+56 35
3.81847e+57 36
1.33883e+59 37
4.64638e+60 38
1.62636e+62 39
5.65274e+63 40
1.97622e+65 41
6.87627e+66 42
2.40183e+68 43
8.36396e+69 44
2.91953e+71 45
1.0173e+73 46
3.5492e+74 47
1.23728e+76 48
4.31504e+77 49
1.50479e+79 50
5.24644e+80 51
1.83011e+82 52
6.3792e+83 53
2.22573e+85 54
7.75681e+86 55
2.70684e+88 56
9.4322e+89 57
3.29192e+91 58
1.14697e+93 59
4.00345e+94 60
1.39476e+96 61
4.86874e+97 62
1.69611e+99 63
5.92104e+100 64
2.0626e+102 65
7.20076e+103 66
2.50829e+105 67
8.75705e+106 68
3.05031e+108 69
1.06497e+110 70
3.70949e+111 71
1.29513e+113 72
4.51113e+114 73
1.57504e+116 74
5.48604e+117 75
1.91545e+119 76
6.67166e+120 77
2.32942e+122 78
8.11354e+123 79
2.83287e+125 80
9.86705e+126 81
3.44512e+128 82
1.19996e+130 83
4.18969e+131 84
1.4593e+133 85
5.09518e+134 86
1.7747e+136 87
6.19637e+137 88
2.15826e+139 89
7.53556e+140 90
2.62473e+142 91
9.16419e+143 92
3.19202e+145 93
1.11448e+147 94
3.88192e+148 95
1.35535e+150 96
4.72094e+151 97
1.64828e+153 98
inf 99
-nan 100
