0.252632 0.252632 0.252632 0.252632 
0.303158 0.271247 0.239335 0.202105 
0.313263 0.272618 0.240035 0.212211 
0.315284 0.272719 0.239998 0.210189 
0.315688 0.272727 0.24 0.210594 
0.315769 0.272727 0.24 0.210513 
0.315785 0.272727 0.24 0.210529 
0.315789 0.272727 0.24 0.210526 
0.315789 0.272727 0.24 0.210526 
0.315789 0.272727 0.24 0.210526 
0.315789 0.272727 0.24 0.210526 
0.315789 0.272727 0.24 0.210526 
0.315789 0.272727 0.24 0.210526 
0.315789 0.272727 0.24 0.210526 
0.315789 0.272727 0.24 0.210526 
0.315789 0.272727 0.24 0.210526 
0.315789 0.272727 0.24 0.210526 
0.315789 0.272727 0.24 0.210526 
0.315789 0.272727 0.24 0.210526 
0.315789 0.272727 0.24 0.210526 
