0.243145 0.243145 0.243145 0.243145 
0.301081 0.270463 0.239845 0.204123 
0.313026 0.272592 0.240011 0.211923 
0.315281 0.27272 0.239999 0.210214 
0.315679 0.272727 0.24 0.210581 
0.315768 0.272727 0.24 0.210515 
0.315785 0.272727 0.24 0.210529 
0.315789 0.272727 0.24 0.210526 
0.315789 0.272727 0.24 0.210526 
0.315789 0.272727 0.24 0.210526 
0.315789 0.272727 0.24 0.210526 
0.315789 0.272727 0.24 0.210526 
0.315789 0.272727 0.24 0.210526 
0.315789 0.272727 0.24 0.210526 
0.315789 0.272727 0.24 0.210526 
0.315789 0.272727 0.24 0.210526 
0.315789 0.272727 0.24 0.210526 
0.315789 0.272727 0.24 0.210526 
0.315789 0.272727 0.24 0.210526 
0.315789 0.272727 0.24 0.210526 
0.315789 0.272727 0.24 0.210526 
0.315789 0.272727 0.24 0.210526 
0.315789 0.272727 0.24 0.210526 
0.315789 0.272727 0.24 0.210526 
